200.1452
323.6135
123.0486
323.6135
123.0077
323.6135
122.9259
323.6135
122.8032
323.6135
122.6396
323.6135
122.4352
323.6135
122.1898
323.6135
121.9035
323.6135
121.5763
323.6135
121.4501
323.6135
121.4501
323.6135
121.4501
323.6135
121.4501
323.6135
121.4501
323.6135
121.4501
323.6135
121.4501
323.6135
121.4501
323.6135
121.4501
323.6135
121.4501
323.6135
121.4501
323.6135
121.4501
323.6135
121.4501
323.6135
121.4501
323.6135
121.4501
323.6135
121.4501
323.6135
121.4501
323.6135
121.4501
323.6135
121.4501
323.6135
121.4501
323.6135
121.4501
323.6135
121.4501
323.6135
121.4501
323.6135
121.4501
323.6135
121.4501
323.6135
121.4501
323.6135
121.4501
323.6135
121.4501
323.6135
121.4501
323.6135
121.4501
323.6135
121.4501
323.6135
121.4501
323.6135
121.4501
323.6135
121.4501
323.6135
121.4501
323.6135
121.4501
323.6135
121.4501
323.6135
121.4501
323.6135
121.4501
323.6135
121.4501
323.6135
121.4501
323.6135
121.4501
323.6135
121.4501
323.6135
121.4501
323.6135
121.4501
323.6135
121.4501
323.6135
121.4501
323.6135
121.4501
323.6135
121.4501
323.6135
121.4501
323.6135
121.4501
323.6135
121.4501
323.6135
121.4501
323.6135
121.4501
323.6135
121.4501
323.6135
121.4501
323.6135
121.4501
323.6135
121.4501
323.6135
121.4501
323.6135
121.4501
323.6135
121.4501
323.6135
121.4501
323.6135
121.4501
323.6135
121.4501
323.6135
121.4501
323.6135
121.4501
323.6135
121.4501
323.6135
121.4501
323.6135
121.4501
323.6135
121.4501
323.6135
121.4501
323.6135
121.4501
323.6135
121.4501
323.6135
121.4501
323.6135
121.4501
323.6135
121.4501
323.6135
121.4501
323.6135
121.4501
323.6135
121.4501
323.6135
121.4501
323.6135
121.4501
323.6135
121.4501
323.6135
121.4501
323.6135
121.4501
323.6135
121.4501
323.6135
121.4501
323.6135
121.4501
323.6135
121.4501
323.6135
121.4501
323.6135
121.4501
323.6135
121.4501
323.6135
121.4501
323.6135
121.4501
323.6135
121.4501
323.6135
121.4501
323.6135
121.4501
323.6135
121.4501
323.6135
121.4501
323.6135
121.4501
323.6135
121.4501
323.6135
121.4501
323.6135
121.4501
323.6135
121.4501
323.6135
121.4501
323.6135
121.4501
323.6135
121.4501
323.6135
121.4501
323.6135
121.4501
323.6135
121.4501
323.6135
121.4501
323.6135
121.4501
323.6135
121.4501
323.6135
121.4501
323.6135
121.4501
323.6135
121.4501
323.6135
121.4501
323.6135
121.4501
323.6135
121.4501
323.6135
121.4501
323.6135
121.4501
323.6135
121.4501
323.6135
121.4501
323.6135
121.4501
323.6135
121.4501
323.6135
121.4501
323.6135
121.4501
323.6135
121.4501
323.6135
121.4501
323.6135
121.4501
323.6135
121.4501
323.6135
121.4501
323.6135
121.4501
323.6135
121.4501
323.6135
121.4501
323.6135
121.4501
323.6135
121.4501
323.6135
121.4501
323.6135
121.4501
323.6135
121.4501
323.6135
121.4501
323.6135
121.4501
323.6135
121.4501
323.6135
121.4501
323.6135
121.4501
323.6135
121.4501
323.6135
121.4501
323.6135
121.4501
323.6135
121.4501
323.6135
121.4501
323.6135
121.4501
323.6135
121.4501
323.6135
121.4501
323.6135
121.4501
323.6135
121.4501
323.6135
121.4501
323.6135
121.4501
323.6135
121.4501
323.6135
121.4501
323.6135
121.4501
323.6135
121.4501
323.6135
121.4501
323.6135
121.4501
323.6135
121.4501
323.6135
121.4501
323.6135
121.4501
323.6135
121.4501
323.6135
121.4501
323.6135
121.4501
323.6135
121.4501
323.6135
121.4501
323.6135
121.4501
323.6135
121.4501
323.6135
121.4501
323.6135
121.4501
323.6135
121.4501
323.6135
121.4501
323.6135
121.4501
323.6135
121.4501
323.6135
121.4501
323.6135
121.4501
323.6135
121.4501
323.6135
121.4501
323.6135
121.4501
323.6135
121.4501
323.6135
121.4501
323.6135
121.4501
323.6135
121.4501
323.6135
121.4501
323.6135
121.4501
323.6135
121.4501
323.6135
121.4501
323.6135
121.4501
323.6135
121.4501
323.6135
121.4501
323.6135
121.4501
323.6135
121.4501
323.6135
121.4501
323.6135
121.4501
323.6135
121.4501
323.6135
121.4501
323.6135
121.4501
323.6135
121.4501
323.6135
121.4501
323.6135
121.4501
323.6135
121.4501
323.6135
121.4501
323.6135
121.4501
323.6135
121.4501
323.6135
121.4501
323.6135
121.4501
323.6135
121.4501
323.6135
121.4501
323.6135
121.4501
323.6135
121.4501
323.6135
121.4501
323.6135
121.4501
323.6135
121.4501
323.6135
121.4501
323.6135
121.4501
323.6135
121.4501
323.6135
121.4501
323.6135
121.4501
323.6135
121.4501
323.6135
121.4501
323.6135
121.4501
323.6135
121.4501
323.6135
121.4501
323.6135
121.4501
323.6135
121.4501
323.6135
121.4501
323.6135
121.4501
323.6135
121.4501
323.6135
121.4501
323.6135
121.4501
323.6135
121.4501
323.6135
121.4501
323.6135
121.4501
323.6135
121.4501
323.6135
121.4501
323.6135
121.4501
323.6135
121.4501
323.6135
121.4501
323.6135
121.4501
323.6135
121.4501
323.6135
121.4501
323.6135
121.4501
323.6135
121.4501
323.6135
121.4501
323.6135
121.4501
323.6135
121.4501
323.6135
121.4501
323.6135
121.4501
323.6135
121.4501
323.6135
121.4501
323.6135
121.4501
323.6135
121.4501
323.6135
121.4501
323.6135
121.4501
323.6135
121.4501
323.6135
121.4501
323.6135
121.4501
323.6135
121.4501
323.6135
121.4501
323.6135
121.4501
323.6135
121.4501
323.6135
121.4501
323.6135
121.4501
323.6135
121.4501
323.6135
121.4501
323.6135
121.4501
323.6135
121.4501
323.6135
121.4501
323.6135
121.4501
323.6135
121.4501
323.6135
121.4501
323.6135
121.4501
323.6135
121.4501
323.6135
121.4501
323.6135
121.4501
323.6135
121.4501
323.6135
121.4501
323.6135
121.4501
323.6135
121.4501
323.6135
121.4501
323.6135
121.4501
323.6135
121.4501
323.6135
121.4501
323.6135
121.4501
323.6135
121.4501
323.6188
121.7698
323.6242
122.0918
323.6297
122.4185
323.6353
122.7526
323.6414
123.1105
323.6477
123.4829
323.6544
123.872
323.6614
124.2798
323.6694
124.7347
323.6778
125.2149
323.6868
125.7209
323.6963
126.2551
323.7072
126.8557
323.7188
127.4884
323.7311
128.1542
323.7443
128.8535
323.7592
129.6329
323.7751
130.4482
323.792
131.2974
323.8099
132.179
323.83
133.1454
323.8512
134.1418
323.8736
135.1658
323.8973
136.2146
323.9236
137.34
323.9513
138.4804
323.9789
139.5769
324.0066
140.6294
324.0343
141.638
324.062
142.6027
324.0897
143.5234
324.1173
144.4002
324.145
145.2331
324.1727
146.022
324.2004
146.767
324.2281
147.468
324.2557
148.1251
324.2834
148.7382
324.3111
149.3074
324.3388
149.8327
324.3665
150.3141
324.3941
150.7514
324.4218
151.1449
324.4495
151.4944
324.4772
151.8
324.5049
152.0616
324.5325
152.2793
324.5602
152.4531
324.5879
152.5829
324.6156
152.6687
324.6432
152.7107
324.6709
152.7087
324.6986
152.6627
324.7039
152.6524
324.7092
152.6404
324.7144
152.6268
324.7197
152.6117
324.725
152.5949
324.7303
152.5765
324.7356
152.5566
324.7408
152.535
324.7461
152.5118
324.6732
152.8232
324.5993
153.1366
324.5219
153.4636
324.4417
153.8001
324.3582
154.1483
324.2708
154.5106
324.1738
154.9099
324.0709
155.33
323.9619
155.7718
323.8459
156.2375
323.7143
156.7609
323.5739
157.313
323.4242
157.8951
323.2646
158.508
323.0833
159.1941
322.89
159.9144
322.6847
160.6668
322.4664
161.4522
322.2204
162.3189
321.9597
163.2169
321.6837
164.1447
321.3916
165.1003
321.0659
166.134
320.7224
167.1884
320.3606
168.2594
319.9798
169.3425
319.599
170.3818
319.2182
171.3771
318.8374
172.3284
318.4566
173.2358
318.0758
174.0993
317.695
174.9188
317.3142
175.6944
316.9334
176.426
316.5526
177.1137
316.1718
177.7574
315.791
178.3573
315.4102
178.9131
315.0294
179.425
314.6486
179.893
314.2678
180.317
313.887
180.6971
313.5062
181.0333
313.1254
181.3255
312.7446
181.5737
312.3638
181.7781
311.983
181.9384
311.6022
182.0549
311.2214
182.1273
310.8406
182.1559
310.4598
182.1405
310.079
182.0812
309.6982
181.9779
309.3174
181.8306
308.9366
181.6395
308.5558
181.4044
308.175
181.1253
307.7943
180.8023
307.4135
180.4354
307.0327
180.0245
306.6519
179.5697
306.2711
179.0709
305.8903
178.5282
305.5095
177.9415
305.1287
177.3109
304.7479
176.6364
304.3671
175.9179
304.3502
175.2973
304.3502
175.2973
304.3502
175.2973
304.3502
175.2973
304.3502
175.2973
304.3502
175.2973
304.3502
175.2973
304.3502
175.2973
304.3502
175.2973
304.3502
175.2973
304.3502
175.2973
304.3502
175.2973
304.3502
175.2973
304.3502
175.2973
304.3502
175.2973
304.3502
175.2973
304.3502
175.2973
304.3502
175.2973
304.3502
175.2973
304.3502
175.2973
304.3502
175.2973
304.3502
175.2973
304.3502
175.2973
304.3502
175.2973
304.3502
175.2973
304.3502
175.2973
304.3502
175.2973
304.3502
175.2973
304.3502
175.2973
304.3502
175.2973
304.3502
175.2973
304.3502
175.2973
304.3502
175.2973
304.3502
175.2973
304.3502
175.2973
304.3502
175.2973
304.3502
175.2973
304.3502
175.2973
304.3502
175.2973
304.3502
175.2973
304.3502
175.2973
304.3502
175.2973
304.3502
175.2973
304.3502
175.2973
304.3502
175.2973
304.3502
175.2973
304.3502
175.2973
304.3502
175.2973
304.3502
175.2973
304.3502
175.2973
304.3502
175.2973
304.3502
175.2973
304.3502
175.2973
304.3502
175.2973
304.3502
175.2973
304.3502
175.2973
304.3502
175.2973
304.3502
175.2973
304.3502
175.2973
304.3502
175.2973
304.3502
175.2973
304.3502
175.2973
304.3502
175.2973
304.3502
175.2973
304.3502
175.2973
304.3502
175.2973
304.3502
175.2973
304.3502
175.2973
304.3502
175.2973
304.3502
175.2973
304.3502
175.2973
304.3502
175.2973
304.3502
175.2973
304.3502
175.2973
304.3502
175.2973
304.3502
175.2973
304.3502
175.2973
304.3502
175.2973
304.3502
175.2973
304.3502
175.2973
304.3502
175.2973
304.3502
175.2973
304.3502
175.2973
304.3502
175.2973
304.3502
175.2973
304.3502
175.2973
304.3502
175.2973
304.3502
175.2973
304.3502
175.2973
304.3502
175.2973
304.3502
175.2973
304.3502
175.2973
304.3502
175.2973
304.3502
175.2973
304.3502
175.2973
304.3502
175.2973
304.3502
175.2973
304.3502
175.2973
304.3502
175.2973
304.3502
175.2973
304.3502
175.2973
304.3502
175.2973
304.3502
175.2973
304.3502
175.2973
304.3502
175.2973
304.3502
175.2973
304.3502
175.2973
304.3502
175.2973
304.3502
175.2973
304.3502
175.2973
304.3502
175.2973
304.3502
175.2973
304.3502
175.2973
304.3502
175.2973
304.3502
175.2973
304.3502
175.2973
304.3502
175.2973
304.3502
175.2973
304.3502
175.2973
304.3502
175.2973
304.3502
175.2973
304.3502
175.2973
304.3502
175.2973
304.3502
175.2973
304.3502
175.2973
304.3502
175.2973
304.3502
175.2973
304.3502
175.2973
304.3502
175.2973
304.3502
175.2973
304.3502
175.2973
304.3502
175.2973
304.3502
175.2973
304.3502
175.2973
304.3502
175.2973
304.3502
175.2973
304.3502
175.2973
304.3502
175.2973
304.3502
175.2973
304.3502
175.2973
304.3502
175.2973
304.3502
175.2973
304.3502
175.2973
304.3502
175.2973
304.3502
175.2973
304.3502
175.2973
304.3502
175.2973
304.3502
175.2973
304.3502
175.2973
304.3502
175.2973
304.3502
175.2973
304.3502
175.2973
304.3502
175.2973
304.3502
175.2973
304.3502
175.2973
304.3502
175.2973
304.3502
175.2973
304.3502
175.2973
304.3502
175.2973
304.3502
175.2973
304.3502
175.2973
304.4472
175.602
304.5455
175.9088
304.6458
176.2202
304.7488
176.5384
304.8599
176.8792
304.9761
177.2337
305.0984
177.604
305.2276
177.9922
305.3727
178.4247
305.5269
178.8805
305.6912
179.3613
305.8663
179.8685
306.0654
180.4384
306.278
181.0392
306.5043
181.67
306.7454
182.3322
307.0186
183.0694
307.309
183.8388
307.6173
184.6395
307.9445
185.4708
308.3117
186.3806
308.7002
187.3172
309.1106
188.2781
309.5439
189.2602
310.0252
190.3114
310.532
191.3745
311.0388
192.3935
311.5457
193.3686
312.0525
194.2996
312.5594
195.1867
313.0662
196.0298
313.573
196.8288
314.0799
197.5839
314.5867
198.2949
315.0935
198.962
315.6004
199.5851
316.0535
200.1452
316.0535
200.1452
316.0535
200.1452
316.0535
200.1452
316.0535
200.1452
316.0535
200.1452
316.0535
200.1452
316.0535
200.1452
316.0535
200.1452
316.0535
200.1452
316.0535
200.1452
316.0535
200.1452
316.0535
200.1452
316.0535
200.1452
316.0535
200.1452
316.0535
200.1452
316.0535
200.1452
316.0535
200.1452
316.0535
200.1452
316.0535
200.1452
316.0535
200.1452
316.0535
200.1452
316.0535
200.1452
316.0535
200.1452
316.0535
200.1452
316.0535
200.1452
316.0535
200.1452
316.0535
200.1452
316.0535
200.1452
316.0535
200.1452
316.0535
200.1452
316.0535
200.1452
316.0535
200.1452
316.0535
200.1452
316.0535
200.1452
316.0535
200.1452
316.0535
200.1452
316.0535
200.1452
316.0535
200.1452
316.0535
200.1452
316.0535
200.1452
316.0535
200.1452
316.0535
200.1452
316.0535
200.1452
316.0535
200.1452
316.0535
200.1452
316.0535
200.1452
316.0535
200.1452
316.0535
200.1452
316.0535
200.1452
316.0535
200.1452
316.0535
200.1452
316.0535
200.1452
316.0535
200.1452
316.0535
200.1452
316.0535
200.1452
316.0535
200.1452
316.0535
200.1452
316.0535
200.1452
316.0535
200.1452
316.0535
200.1452
316.0535
200.1452
316.0535
200.1452
316.0535
200.1452
316.0535
200.1452
316.0535
200.1452
316.0535
200.1452
316.0535
200.1452
316.0535
200.1452
316.0535
200.1452
316.0535
200.1452
316.0535
200.1452
316.0535
200.1452
316.0545
200.1438
316.0556
200.1422
316.0568
200.1402
316.0582
200.1377
316.0598
200.1347
316.0616
200.1309
316.0639
200.1255
316.0666
200.1186
316.0695
200.1099
316.0733
200.0975
316.0775
200.0818
316.0822
200.0621
316.0873
200.0375
316.0936
200.0036
316.1045
199.9479
316.14
199.8262
316.182
199.6741
316.2275
199.5
316.2766
199.3008
316.3295
199.0734
316.3904
198.7944
316.4555
198.4763
316.544
198.0896
316.6438
197.6205
316.7555
197.0534
316.8673
196.4447
316.979
195.7944
317.0908
195.1025
317.2025
194.369
317.3143
193.5939
317.4261
192.7771
317.5378
191.9187
317.6496
191.0187
317.7613
190.0771
317.8731
189.0938
317.9848
188.069
318.0966
187.0025
